1119

57. quid 11111. 111 117711 6,
5117111111 γῆ 79, 511

8777177711 11711717 111 1111101111

87157.. 78, 111 157, 6.

inmun] 8117101111 80, 18.

1711140180. 11.

1191111111 811. 8.

57η 80, 11.

571080, 15.

ipa-..³ 7, 151 811, 11. 17.

571101 ΕΙ 1191101 78. ¹².

8910 fl 1191111711 80, 11. 17.

177131. 71. ἵε 80, 19. 11770·
βυὶκυ 80, 19-

17710111 110. 11.

8771101111 80, 13.

istiu-.- 1111.110, 1-1.

ἅμμος 75, 152 110, 28.

11771χ11, 01. 811. 80.

8771811 5118, 12. 11111. 1111 697111·
a: 80, 57. 10.

μ’,ὒηποι 1.’1, 111 80, 51. 551
171. 51. 11111. 111 1197011151 80.
³1.

57101 16 nortem 81. ¹⁰.

2⁶²4an 71, 25¹. 78, 511 80,
58ι 111, 1.

”m 81, 5, 10.

ἆμηι. 11. 81. 11181, 18.

α’, w 115, 52.

5-7... 1111. 1111171181. 1111001.
51, 151 71,15. 101, 15.

1191571181. 17.

’.1910011 Dor. 17.11; 161, 151
197, ao: 511, 11 511, 15.
'Apum 111. 18. 20. ”.’171τ. χ7υ·

1111510101 159, 58. 5711οι1

ι’ uzka 1119. 11. ’11710μί11- -- „⁰³ 1. pro r'm 7101110. 69,

1181. 11.

1191710 111. 15. 551 611, 1,

Ξ,.·, 115. 51· 116, 111. 11111. ab
,ἦς-ἰή 81, ’11.

frum 81, 58.

dm<- 81. 1111 501, 7.

0’7τ..·11’7.ττο1 81, 59.

1171... 111, 15. -19, 511 191.
ι11· 507, 11.

&qam-..s 505, 65, .

...7111 11101 55, 19ε 59. 161
·.’1, 11τ 81, 5, b: 611, 52⁸:
1.·10, 55.

’571 aimon 100 19.

’5710111111 19.

&qv-,25 81. 15.

e'fffz’. 11015191 17151101,
,11.

iri ’11. 9; 75.11; 81, 15·
115, Ι5ῐ 5115, 7, defi w* ξ.
891111 81. ³⁰- 11 urami-
ς’11 111 ‘mai 711, 11. ru' α’.
111-7717180011 11. 19.

isli-am» 81. 11.

511111 mm 1115, 55.

8711· 1 111 11780 511, 19.

,17ὖο 118, 561 ’111. 19: 105,
51- 117ίο ri 51100λό (78.51.
876 ..0.111 ’15.

dmin 911 16.

5,χ.1101 11 7717111 71, 59.

0771110511, 11.

’1711117110 11 'mamimus
'¹¹' 'l

..1
ἅμα... 11. 115, 111
''³⁶’' 1711111 501. 511, α’,1χ11177
1.·1. 1·. 101’ 57η.. 1111110 11111185. -1·1 81, 17ι119, 51. .ἱ1..1.ο.11.11“-11·.11.

11.-011, 111. 1: 11.), 15.
imp-J, 515. 15,
11111οω1.’1’. 11.

(1977101961 151, 51.

’.1900710071 11101101 cum Ε-
11111. 51. 57χ17011π171281715.

&mamis 281, 15.

0’7χ.0·70’11771. ba. 16.

&fx 1111101 81, 15.

1177751 81, 19.

11777.. 65, 15. 151 81, 25: 115,
18 117κο1 81. 35 1197707101
c. 1111. constr. 58711.

5777111 1177ἔὲζο7176, 111 117,

..717 111150, 1811831. ..1,
1. ⁸ , 8 'q 1
7.. ῗξῗ ,ἒῖ 1111112 ’.1,
511 711, 5.1; 81, 16; 81, 181
101171 105. 57; 1117151
107, in: 1111, Ι151 11961
5611 3⁰· 119111· fs: W'xOssIM 791

1811111, 16. 18. 111111111χο-

pue 71, 1. 15171110 75, 5.
ro⁸ 17017111 6, 561 79, 191
1195.

11711711 75. 56ε 81, 511.

-01 nomina 0 7110110110, ant
1111110110 1017111117101111011 sunt
177, 50. --50 5 1117, 55.

as. 0 (non ov. 1111 textus
1111101) 1101. 55177, 57,

·- us 7011017111 a brevi 111111-
711111111 1 1101111111 1717, 5.
-7 111. 01761 518, 155887.
²9· 01, 01101 585, 17;
511, 10.

- η’.. ..111111011-

- 01. aas. 0 correpto 559, 11.

wls. 11111 11. e verbis 151,
117.

511,

11111 1711111 1171111. 605, «10.

1115011801 81. Ι11.

1877818701 15)» ’.δ’

11011711 81. «11. 1111117110 81,
111. 111117111111183 8.

11010111 82. 58

ὅ... 81,·11;1’·19 15.

(17771711777, 2 11111111, 85. 5.

(10111171 11·1.11’1111111“ 111181.
5110011117. 17151111 laih.

τ 7ιο11111 11151071 89. 88.

vuffa} 85, 11.

Amr. ἰ, 85. 21.

(imm 85, 10.

’.10.01,0. 711 8515.

«111 vid. 11110..

'Asia ¹¹1 ’611101 1’. 85, 21.

11011λο35111 81, 10.

'Annium 0111 s1'. -11; 118, 11].
’1111111111111171 81, 1·. 055. 11.

(11111711111111101 1111 111111. (ι’-
curuum-5 85, 11·

·- 0111 1011. 111 Aur. 1. -·119,’1.

011111ιί1 85, 59ῑ 11111, 10.

daubi» 1111, 8.

1101117111 85, 11. 1111177171 85,
1·.

11111101 511, 111.

11111111.ος 85, 40. 51. 51, a
11110171ιέ1 555, 11.

-· 011 w nm 171100 118. 15.

lN ETYMOLOGICON cvntAva.

1010 17. 16. 1.... ...117, 111,
Η.

8114801 5157111· a'qutvlffu 515,
11.

11111.κο 81, 1111 619, 55. dni.
ςὀιη. 81, 17.511.11.

donas... 508, 5.

1175101711 scrib. 1177111117,
1,11.

1110101181, 191 61910.

1111590701 81, 55. 55.

1111111.11,11’111·.10117 81, 57. η’.
0101111181, 58.

1111101161 81, 59.

(1111110185, ’1. 6. 7.

1111111181. 9. 11111711 vo* 111111·
w 512, 17.

1111101111 5, fi: 85. 10, 11.
511 185, 5 158, ·1’1; 517,
161 111-1, 17.

1111119111 85, 56.

«1110911161. 5120, 11.

’.1111170101 87,-15.

11101901 85, 10.

-11170101110111 causa gem. η
15 11.

1101018091 1111188, 11.

011101 197, 1.

’11110701 et ’51019101 1111οἌ-
06770. et 'A2.'.··,³....

-a'm 11. ex os 6, 5111.κό
51, 51. ex 1101111. 111 ,, 577,
11.

0111.. 115, 20· 5110 1117311511..
8310. 1511111701, 5.).

(feam 115, 82. ’15.

’1181117117 85, 50.

111.-11101101 11819·

doram 17117111 811. 20· 11115·
τω 811, 32.

1101170 57, 16. et 8110911
11011, 52. “

113ῗ15011 11. ss), 3: 8⁸1⁸) 20: 100»
55. daniz.» 87,. ²¹·

dffffpssrzs 815, ’111. β ¹

ἀσημφώ Sd, ’87, 5³. 8111. 81
51118111. 1111108101 85 11.

11111710. 157, 80

1111171111 88, ³5² ⁶⁰⁴2 17· 11·
1111911111 811, 88.

8111911117 86, 51.

[inqut. 106 81, 57. ,

u'mcrss scrib. 1111171771 81,
111.

(11117101 151. 11·

111117 811, 1. 111. 511. 611, 111.
711τῇ7 et 71177177 11111. 88, 5171
111-,1.

1111797111 116, 15. et 1110, 11.

dnm-os 811. 19.

11110001 8111. 11· ,-

1111703111 δ”. 3⁰· 11· Ι

1111711711.. 116. 50· 111 f²⁰³·
-11 611, 5·.

thrym 1111, 10. 17. 51. 11111.
1 11901111 811. 8.

‹im-hm 813, 1111.

(1117115711 1711111 11111. 1111111190·
*alm 87, 1. 5.

11110..115,51ε 1111, ι·; 11711,
11111. 111 111119 811, 57· 87. 9.

1150

«bustum 6110 551, 10.
0111078711 7111910157. 19. 11161·
97571 111717 91, 50; 159.

1110151115, ἥσω 516, 1.

dm* 111. 0511101101 -15, 1.

11811710 1118 818. 52.

Ι5115770. 11 ’.10.-77110. 111111. ’111.
11701 e! ’1811119101 8”, 11,

1111117111 117,·18ς 1911, 11.

1117111171 517, 115.

1151711711 87, 517 511, 57.

01711180 ‘t 1118 1111111 17.
Atticos (1111111011 88, 1.

017751λο 150, 57.

doxam. ξς, 7 118. 10. σχα·
Aa? 118111 100, 21.

ἆςχετω· 118, 17.

510 1111. 87, ’11.

’1110πὸ1 11 bd, 1οι 619, 15.
’111...11111730111190101 119 1

81011188, 15. 010110 1111. 15.

-01171011110 7110 171το1 10151.

&wluin-atyn 1111, 50.

1111111110» 88, 551 511, 81 601,

n'm'nuv 1111. 51.

0101111 811, 58.

uraha 81, Ι11.

aa} 811, Ι’11.

11090111 108. 18. 8109111191
17. ..ι 111, 11.

01091111 811, 15191, 10.

0117117911 88. 19. 55.

0151111101 89. 1. 5. musin-
ος 7107110171. bos». 58. m·
1101110 88, 15.·171 611, 51.

dn. 1011111. 89, 5.

«11117111 81111. 151 511, 51.

11117111 89, 8.

‹inmun-s 57, 8.

dnus„ 1117, H.

11111171. 119. ’17.

11117 111. ab: 65, 1111 817. 50.

1111700101 89, 511. 101 511,511
1111, 11. (1117117101 8915.

5177111 et (11011951 61, 115.
115, 11.

111170111917. boeot. 710 irs-
7.. 1111, 1.

1111711111 89. 51·

dnm-15 [111. 8.

artam 1111, 15. 0’.·1χ11.“.· 811..
51. 1111771111 1711111 11111. 111
1171771111 89111. 01177110 1111.
1..

ivn. ἦ, 55,55; 58, ’171 88,5Ι;
811. iu: 90 n: 1·’·11, 511
1111.’1,11. ἀ 7101111011. 90, 1.

11117761 11. 58, 1171 88, 51.
-1111111 vx ..ἶ 15. 19,
’.11111 90. 59.

11117. 1711. 18· 1111917111 911.
'3⁸ m·

8110171111117. ³³-

11117059. 1711111 ‹hm-zat 111 ἅς..
..J 170. 15. 0170071701. quit!
111 11001600 1711. 81.

εῖτ...» 851οτ 90, 11. 17.

dnm} 90. 171 110, 51.

111111 115, 191 155, 551 119, 111.·706710181. 511 8“. 1. 8· 1111181811 110· ¹¹·

5οε 111111,

-7111, d. 11 eiga 195. 11. ex
a 101, 111.

...namq 111 15.
cmc-Mu 81, 15.Ι

11110 8.·. ¹³. 11 11111. 1 16111
11-, 1·1 171, 511, «11.
11110101 wg- ¹²5?an 87, 18.

«hm-wa 11100111 111. 2³²

5³3 ε...
11111111

111111 15 1110115ςύ 1110. 9· .

Ἅγια, 911, 56. 571 111, 02.
’.1110001111070 1711. 11.·

(1151111151711111 111118111 ί 9777 t!

1101911 1111.. ’-’1·

 

